113
2031
944
2132
1356
1814
1177
326
949
418
1512
959
1882
2140
1586
370
1851
809
1359
140
2040
1310
40
161
1866
1177
1369
1277
177
1995
881
291
1857
87
253
1043
1901
1863
1802
680
111
1576
2071
256
1979
1488
626
1660
559
247
1800
429
1558
1840
1022
1686
1279
221
793
1457
47
1674
10
166
23
263
1641
1925
2126
1273
867
500
680
769
756
489
519
1814
2149
1078
2062
41
1939
1882
143
791
1398
1423
1444
21
1142
1923
1695
1152
2089
1718
1847
1561
1905
1804
1096
603
566
1776
1804
1754
527
153
1398
938
1231
1290
979
1000
1434
1123
53
662
808
1497
683
1950
1251
640
932
1170
621
609
993
788
675
2090
1823
1673
1696
1457
1257
486
1610
486
1424
671
38
666
2103
1473
51
2156
2135
859
1484
1081
1071
565
2153
265
2167
604
1306
991
1825
244
911
1478
1917
869
766
1005
1355
206
1491
1042
1310
1961
1708
1243
1696
21
1230
2094
880
976
1005
213
1973
1420
478
1970
2025
1784
791
2112
290
2134
1420
38
834
16
1043
19
223
796
1493
1965
1019
1031
1038
546
1052
530
470
194
1938
1907
839
1741
1157
