92
982
611
1062
2119
379
1999
1127
1024
1035
1635
1345
479
541
1295
1440
1404
1051
1045
984
1892
842
970
1009
597
623
1516
405
701
1913
1720
1225
725
593
117
675
973
2116
1802
259
1414
1699
1604
1893
70
729
1596
1906
1780
903
720
1502
8
2123
774
605
576
552
1010
1277
295
992
332
1452
1586
881
389
821
1260
21
1080
936
2152
514
659
484
1243
517
220
1286
1421
1373
1050
1429
1758
1824
2034
164
206
1306
1441
933
128
35
216
1714
1348
605
365
438
1059
1877
1374
1041
221
296
1958
1897
813
440
1013
496
75
325
1925
1833
2150
51
1997
618
1789
1700
1552
180
2167
30
1894
1346
635
522
46
1694
229
1421
998
883
2149
786
610
792
1226
2055
1721
1734
210
1908
1397
622
1960
1225
1673
2011
1187
1055
21
1185
1517
178
361
2152
1132
407
2109
1361
90
937
506
69
2155
1116
1294
1643
1433
845
1207
2076
583
435
528
805
2092
463
1079
1109
1950
1100
124
1297
1278
917
1280
672
1757
1219
2034
1847
418
802
179
403
181
1905
2046
1614
580
1516
1520
1595
1951
311
663
1873
774
1742
1244
555
1104
