120
666
1316
369
1291
1394
1095
1853
849
793
0
1360
78
74
267
1819
757
465
642
1145
975
1676
1928
1460
681
1359
746
1003
1226
1383
2130
1346
2049
1708
2147
1602
932
1504
1718
43
559
2150
1404
637
54
1671
718
811
399
1361
218
1374
1299
409
664
243
30
1842
1246
1256
1055
1638
865
934
1177
1274
799
371
609
347
415
1600
327
1819
500
382
1752
1218
1625
413
841
1844
50
2141
515
1146
646
545
819
1892
63
1874
1361
928
1071
368
465
1870
1171
1506
47
1586
936
806
1667
1436
1188
1682
485
644
2095
1326
750
2145
1729
1265
1122
205
72
203
360
135
2077
1721
1496
1410
351
1961
1542
1522
1297
2021
1371
495
658
868
194
1846
380
1111
320
738
699
1070
713
259
597
97
896
669
300
1256
805
640
1239
131
312
1590
354
1855
1375
2083
1706
576
840
626
1876
1034
303
87
2145
1055
1257
675
388
232
1366
985
330
92
2087
1062
1349
722
2134
418
1285
277
271
2071
394
2078
1984
362
484
1086
989
622
2121
1292
1141
358
609
228
1033
997
461
229
245
1223
754
162
115
365
1316
512
1215
