1646
1665
1137
1459
1267
1930
556
696
1519
719
2098
370
1656
1048
587
1207
862
838
1250
1396
1724
1049
1296
967
758
1789
347
1628
406
1347
1029
315
1274
428
1774
371
620
161
1499
402
1312
1427
772
798
738
1359
267
2032
460
1950
1259
14
829
385
1413
2019
5
23
1909
843
1802
769
1158
907
1629
1195
1710
512
1788
1040
914
930
729
1686
2160
1467
1307
257
1762
29
37
851
475
1299
1236
1889
1148
1673
174
888
779
1976
2089
199
713
1980
1394
686
322
1444
1726
1236
636
717
1184
626
447
754
1316
39
783
1785
890
1259
1346
388
1410
325
324
1584
1645
1103
1390
1996
1734
366
1806
959
1052
2129
665
1040
1627
1302
1757
1074
190
34
1828
1938
73
873
1554
1395
2132
730
46
1804
1487
370
1218
1394
1473
439
1220
1037
1237
1289
258
119
1680
924
1159
1137
56
746
41
246
1213
131
15
1718
1005
2001
1376
967
993
1422
602
743
1792
82
399
1527
953
1620
394
20
739
1085
139
249
271
1730
1818
327
739
122
1005
1952
253
1452
1932
1258
1715
1138
488
971
390
1522
2146
444
1604
375
1971
820
1995
