738
209
1758
345
279
69
725
868
351
316
863
792
609
241
1580
1831
14
8
1498
965
1132
768
580
761
171
903
255
350
1769
1602
274
337
1811
294
1114
352
364
1840
1652
715
418
346
1939
1027
1019
1781
1121
1033
52
449
261
1184
1650
841
207
1821
6
895
1
1775
327
276
374
2138
570
1489
752
934
1591
234
2081
271
580
112
1298
2031
1894
249
1327
208
1131
1588
1392
611
691
2031
262
697
756
695
302
1083
1403
1108
1483
1974
427
65
1170
280
300
1514
551
1312
2058
112
1174
1782
793
331
252
1924
181
1644
797
872
1938
1491
1569
524
17
133
2040
1420
1241
1353
1656
2101
1851
1089
211
2151
433
1195
1725
321
1307
729
366
362
1492
618
549
1673
525
1346
375
725
668
206
1249
1117
339
1551
367
2013
735
286
1944
848
1375
417
829
70
1612
384
823
1181
1546
1189
1976
1300
70
355
804
1027
1701
1611
1752
631
80
831
1748
419
645
378
262
1812
664
468
490
2039
886
1319
2109
760
2135
762
204
1943
214
10
1074
716
365
140
1743
328
13
1325
960
93
418
538
513
1063
916
