1306
1206
1178
146
205
1570
1942
879
832
1182
356
1775
387
1566
735
1978
1965
1277
725
530
2063
2130
1519
1627
1112
812
379
55
797
46
166
365
1684
1777
511
1889
1609
716
598
703
160
954
740
979
782
1475
787
1009
1014
1944
1971
908
1905
1320
797
847
395
1176
902
1624
1654
1500
251
1168
1539
762
1319
1410
1910
179
2113
333
1133
1115
1312
177
420
362
1618
1435
136
1420
605
303
1002
1402
1582
1397
840
746
1283
324
509
1534
1924
2048
127
1073
1289
299
1252
1664
632
647
610
207
1256
1462
569
704
1159
1137
386
1764
1441
1389
1428
1285
1048
98
2032
162
854
371
1696
608
681
85
1681
232
817
1195
1897
1881
1842
769
2088
1360
61
919
2065
1653
2057
281
1679
1760
2102
938
875
1413
1036
1169
1575
1891
1972
1533
761
916
2051
705
1148
698
1900
1307
409
2005
2076
760
1195
400
1679
1522
2053
1566
66
1562
1588
2168
762
726
1411
1799
1895
1248
1952
2130
1044
975
876
925
1680
2024
2055
1843
1162
726
2110
1500
1486
1567
1900
996
920
45
824
986
2040
675
1416
632
1401
1090
261
1558
600
475
1518
