275
1368
1255
845
474
536
1299
627
322
355
1621
68
611
810
738
1681
217
1276
1748
1295
1044
1511
979
596
1933
731
821
752
626
1752
2082
902
951
1599
9
1857
2136
1308
315
720
1664
1936
1220
537
1009
1959
48
1658
1497
58
783
371
1569
1762
967
1764
756
1788
346
1814
1803
690
546
584
120
556
703
518
126
1018
1238
52
1217
289
590
56
510
1070
2146
2007
1129
760
640
960
784
2039
555
1540
2090
1333
1185
1723
2024
2163
569
406
981
1272
924
1108
121
424
1592
1338
1145
12
1826
1655
1515
1802
1924
906
824
394
1866
1609
696
683
1411
616
279
858
169
565
852
1170
971
95
272
157
1203
825
581
626
425
2159
1070
513
1644
847
146
1399
1753
1402
55
1882
841
1183
827
515
1799
1106
1373
230
1671
487
1400
904
583
2105
1061
48
760
2075
1106
1618
2064
439
2131
1970
1286
539
1631
870
1942
1687
582
1045
1132
1841
1560
762
778
764
1424
711
1683
1087
1616
96
1022
939
577
44
1276
1683
1662
1170
2122
2056
1403
1239
425
864
371
629
813
1385
1675
1946
1056
1065
538
1834
91
224
808
