2063
590
1115
303
1211
562
2063
8
114
1797
1830
1891
964
1630
564
1811
211
826
92
811
582
258
514
1330
2008
1426
879
1369
1022
2106
1458
915
526
836
1219
2169
1398
1544
439
1945
1603
99
1666
397
1729
60
470
202
1318
562
1445
1901
1252
222
1061
1090
2080
202
290
932
138
10
1848
1096
846
1329
1095
507
1135
1534
282
568
2065
210
965
2056
702
1435
521
2021
259
1966
1752
1943
18
1075
864
361
1277
1586
1293
1847
2028
1403
1205
1137
994
562
1644
2129
358
188
527
253
398
1924
139
1100
1621
660
1383
142
889
1397
2086
1339
734
1212
1700
273
628
1256
2120
918
489
1155
2055
1484
1717
1961
1875
2075
2149
665
590
809
419
1162
172
303
84
1555
877
1405
783
793
575
1517
2005
537
1791
895
1793
3
76
545
1591
2131
291
1570
185
2166
1908
164
1093
328
1406
1945
1922
1578
78
2007
963
955
1242
8
11
79
1958
278
617
2011
1174
672
2014
1250
1649
1867
1643
202
1268
1828
199
1438
255
1724
28
1661
1499
1951
1501
1577
1788
294
795
1292
735
806
1372
523
1084
251
796
520
923
1072
32
