616
1837
1249
1334
1760
52
1351
1661
1112
807
1979
698
1504
96
189
819
260
1929
493
1220
1343
1597
1663
1686
1217
27
114
797
1936
1454
402
382
1121
2083
2148
712
397
1761
635
1510
398
444
470
1903
973
660
984
1233
851
1478
715
25
905
208
1711
384
668
87
1182
866
1541
2016
1680
924
1929
1658
2068
588
1249
533
2098
2080
978
399
1813
213
1059
627
1446
1910
367
2161
197
1705
632
170
2089
1732
689
1533
428
492
1811
2108
1417
2002
1596
1747
421
675
111
781
585
1521
1612
660
2166
501
1720
1442
674
349
1865
1303
2054
759
1474
236
321
2163
1769
749
486
1843
687
165
1675
545
174
358
1653
717
1140
500
68
1014
1593
496
1516
1143
1938
452
1492
2066
1755
1809
655
1491
2045
1409
1485
2076
2158
233
1749
1108
830
1687
2085
1004
2045
1568
1722
1447
2069
52
292
1492
981
70
897
749
954
651
1077
971
290
2165
293
165
1404
40
72
1392
705
83
762
1967
1770
678
1233
2078
76
1217
1787
407
1270
341
161
81
843
1058
1262
1797
2142
602
1031
262
597
1324
860
2001
1796
932
1655
763
1447
