1170
1865
1572
1575
316
488
1682
952
1091
748
821
1258
750
2101
741
1679
1066
1890
1621
1790
944
1036
238
2118
514
313
995
1344
835
1332
1506
267
1027
1340
1842
1343
1828
1786
557
1181
365
1379
270
1547
1742
1443
1056
1071
1163
507
691
370
1975
929
750
319
1674
1745
2096
339
907
1432
606
197
602
711
1972
692
327
360
1873
1124
1739
405
501
1743
111
1990
644
1274
759
1767
2076
565
958
656
1316
463
232
1242
1234
1571
936
103
30
1970
1246
2003
492
2005
193
628
960
194
1033
1893
199
1576
1713
1276
1113
303
873
1019
1300
94
1676
446
989
170
1689
53
3
887
588
34
688
1834
299
1180
1670
924
70
892
1118
1536
615
1749
942
591
855
2055
1326
2161
905
456
517
843
902
1506
1013
853
1559
1448
3
410
1482
691
74
43
133
6
967
204
898
347
1740
1946
2097
944
367
782
830
1693
1205
2167
411
1722
840
1313
1058
115
429
880
1563
432
1290
1308
1123
1364
1351
1688
1803
149
154
531
496
156
307
423
1101
1106
1638
1931
629
673
1928
1040
226
1030
616
1716
1145
1045
426
538
1477
