1617
323
2081
366
1380
1542
1757
398
427
1032
1770
2032
722
863
1093
507
2118
1988
1689
1474
1479
959
1226
728
1615
1349
1611
1198
637
154
1864
516
910
1775
883
120
1580
902
518
2007
196
550
1869
918
1413
1224
1857
1361
1474
1376
1098
783
597
586
1512
43
1935
953
1673
835
1539
1799
1783
279
1404
496
400
814
1830
1350
1084
2027
1901
783
1207
1144
270
1327
768
1744
965
1866
358
1563
282
132
2038
479
1517
1973
1746
886
1602
1360
1166
1268
118
1998
345
211
1610
1429
500
1341
474
1707
748
1176
1296
1516
751
92
1644
1541
2087
188
1673
1955
1099
1452
20
676
168
2054
2036
1766
1584
416
2026
1929
627
1467
1620
1127
1070
357
1097
1818
1533
223
1596
114
315
1070
2087
232
1258
2022
449
188
1304
469
864
1905
785
1162
1933
200
1578
52
391
36
1519
2012
1163
851
199
522
500
2164
746
2096
541
1061
997
458
1294
517
311
1743
1137
2047
475
263
44
1692
1425
1978
1892
1266
2030
114
1734
1811
388
1159
492
1019
1682
1424
1013
258
1351
1554
1319
610
2013
875
1559
586
881
527
463
1356
790
940
878
