1707
925
1627
1817
1761
1099
1460
1153
1799
1851
1045
902
1880
17
642
362
1756
333
1693
1545
1039
1143
457
80
1286
421
841
133
782
360
2099
751
1717
1556
398
1309
486
121
724
547
234
1769
1881
377
1787
785
739
1805
1118
694
1181
419
1838
2070
499
954
321
1773
1087
1535
2133
1448
117
1681
1267
515
1252
1753
1068
1976
562
1303
1575
705
1680
1624
1490
681
1692
438
1376
703
857
1476
1035
1788
692
1357
1391
41
722
1355
1489
1271
1298
586
49
380
601
1117
186
1595
682
23
130
624
2080
1620
1306
1602
320
944
567
1609
682
1602
1228
1374
789
449
1415
1944
66
1166
1045
1364
15
1094
1744
616
474
192
474
1156
216
604
1781
126
487
1349
1728
807
555
125
247
1237
2159
1475
441
779
186
118
985
253
1284
292
1617
1299
1819
1624
178
123
1816
652
1711
2032
1688
1322
420
5
933
410
1245
1488
967
1924
555
957
1661
996
2168
1847
1114
983
2100
661
1707
1980
222
1356
1434
400
1911
1080
1484
1453
1375
1003
1037
57
1440
1971
468
515
1289
1867
269
1845
654
1930
1103
652
1608
480
2067
1970
1141
