375
2145
693
952
237
2147
956
988
1136
830
31
1582
1337
753
301
55
101
695
1556
1920
787
1281
224
1699
1682
2018
352
927
831
1342
458
1206
1317
1151
420
1987
1128
1377
805
526
469
1268
371
1806
284
1104
123
385
1799
1680
568
849
1223
1224
378
735
1072
1162
2094
1904
335
814
1372
2084
1966
1793
1901
1356
1432
969
145
1901
499
516
1537
783
1620
2092
1601
1681
1602
2169
360
1088
1223
739
1823
558
163
10
724
930
824
358
845
1052
2151
576
671
1845
1977
816
1576
307
1764
1375
1090
1214
1298
953
1157
1162
952
1518
80
438
519
166
1428
682
608
2152
2045
1432
340
720
747
754
1728
1418
429
1536
64
268
1843
1828
1643
1195
1304
771
411
291
196
1363
71
708
63
1022
1306
1491
2137
1914
1905
2012
1609
76
562
186
1262
120
2036
1691
2088
362
1959
1761
452
1865
1219
1756
898
1630
309
1094
1255
381
65
1751
1403
1371
1072
1802
1116
808
1644
987
1316
36
1605
408
589
1471
361
507
95
583
531
547
278
1750
133
1176
1642
874
533
1159
1687
1030
740
1353
231
75
985
1779
1315
460
596
