609
1616
730
1535
1861
1811
650
1098
983
172
669
741
227
1813
788
1010
1372
478
2038
1684
1664
1111
1896
28
1098
332
246
176
24
1807
820
1065
1685
1982
430
1376
1623
1081
304
869
1253
1406
2042
1912
1481
660
752
1115
1570
1052
629
1064
2164
787
1525
1524
1120
33
1701
1144
1840
783
39
1355
595
902
994
480
1983
1730
1781
1498
1398
1654
1240
709
576
254
86
409
1307
1147
1473
1733
1935
1260
1087
1317
1294
1050
291
964
1833
762
582
690
2096
1576
1171
1909
1568
1214
1237
797
698
739
1938
1707
994
2025
2116
563
1434
1419
126
1199
510
1645
778
66
958
1069
1030
621
94
2044
1744
452
1882
1177
192
1281
221
1861
2078
920
431
1846
457
1857
2133
835
250
1398
84
808
859
1026
283
1638
1092
1241
969
385
125
1495
691
1869
1948
404
876
402
2117
1529
93
2025
711
956
2133
1600
1075
2097
265
1325
1757
782
395
446
1808
1111
346
1163
182
1316
1980
739
1073
501
870
851
1337
8
1685
1284
1538
1779
1571
79
997
1535
1680
2073
1462
207
1660
1481
989
2056
1927
1060
997
536
53
1611
114
295
613
