1116
314
1262
520
163
1566
1
967
2119
1382
659
110
768
1097
900
1413
1939
2108
1130
225
1756
400
907
890
1175
1133
313
185
1247
1192
571
625
1938
95
1146
2101
2093
1147
1330
2043
359
1989
2153
1127
1348
883
803
1117
1254
1933
1774
840
596
512
1730
1771
2077
305
218
1154
1497
789
1780
1265
1316
1188
1628
1240
597
1220
1113
956
1040
1528
346
218
673
1581
1768
1927
1776
1372
1029
634
146
1021
236
54
1326
886
1640
1085
2108
1682
612
1254
700
502
324
1297
1723
1437
516
593
1227
1294
1243
1901
1137
1273
1658
743
476
950
1810
1054
1971
2046
1540
1128
1194
1011
475
1132
955
1088
217
1656
1590
541
1215
1143
241
1731
2168
1468
1287
1674
1199
254
777
1120
1430
1685
2070
1070
570
1871
946
2110
1261
402
1383
1737
1535
169
1087
1752
87
507
123
1302
2083
796
1296
343
95
413
2017
1726
1100
1057
676
360
572
1008
1430
1574
710
638
1947
233
1040
1160
232
405
1761
1319
2157
110
89
543
1845
2
1339
971
345
1866
1816
625
1423
746
1682
2099
1106
516
938
366
2091
2080
1004
1868
575
2045
1290
1240
712
